--- §7.4.6.1 Generational Mass Hierarchy ---
Particle   Writhe Config  Net N3  Topo Mass (MeV)  Observed (MeV)  Δ (%)
Electron    (-1, -1, -1)       3              0.5             0.5   0.00
    Down      (-1, 0, 0)       1              0.2             4.7  96.38
      Up       (1, 1, 0)       1              0.2             2.2  92.26
    Muon (-14, -14, -14)     588            100.2           105.7   5.21
 Strange     (-24, 0, 0)     576             98.1            95.0   3.28
   Charm     (62, 62, 0)    7626           1299.0          1275.0   1.88
     Tau (-59, -59, -59)   10443           1778.8          1776.8   0.11
  Bottom    (-157, 0, 0)   24649           4198.5          4180.0   0.44
     Top   (712, 712, 0) 1013176         172577.6        172900.0   0.19
